552802714816905216
525045203648790528
552795778922864640
552835221859483649
553192373728342016
498274948772024321
553144889811402752
544446269968908289
544384825332101120
553214783647145984
524998881676107776
544439521236893696
552821862850637825
552791332935434242
552826992509599744
552827981069291520
553171877464920064
500070108099002368
553105208008773632
544392353717317632
552820930419109888
552850379453366272
553563750230683650
544515072203444224
553481963864993792
498292317296812032
524968466559033345
553157384714342400
553189840913989633
553553331671408641
499388619425980416
552849157694947328
500328049058279424
552827117663436801
552834842837409793
553587546614427649
553216460164968449
499387698390790144
500335927248429056
498530946338258944
553164185006534656
524983236712476672
500320286341099523
552980632432050177
552804962158514176
524939347699585025
524957105296404480
552840037642297345
499669671034257408
553503846258196480
552804769241526272
553215362058440704
553214700155330560
544449632131375104
553591980748734464
552834481183539201
525011747007377408
544519396828672000
544395613043818496
553145759961714688
552847905498103808
553106714682462209
544519083300241408
552811606640721921
544457904422531072
553197197618339841
553159810179661826
553165538499641344
524979179235069952
552832142397296641
552826443965927425
553532452472238080
553478014785187840
500347484154372097
553226059836297216
553538939076624384
544513510450155520
500306837103968257
552824320389435392
553583376398319617
524932635177795585
552815443959091200
552804810463117312
553186026811039745
499699803576881152
553234456522522624
500339591392817152
553487579077550082
499541439962185729
500192488003354624
552825303341740032
500331134040162304
544337383215226880
553230256992423936
544414430025371649
552825211654246401
553560488056225792
553106334607228928
552819649599897601
524980483479076864
525006853626159105
524960814944747520
499583424114728961
499406086945136640
525007337724325889
544420349052342272
544308031446872065
553579715014172673
544297247567917056
544391323214573568
499567797064957952
552819316702199811
544500883963518976
499703369108553730
544379143136497664
500317687239966722
553187282295877632
544517721757847552
552832291601674240
553555948883959809
552850282410176512
524939142485262337
553166907596365824
500377192841609217
552816590463315968
499655603405725696
499660771857809409
553228535511650305
500318980007948288
552834559297867778
553147368913506304
553569333150896129
544475686740967424
544447054034919424
552837190360006657
552824163841638400
544521948924248066
499375535458643968
525066628359127041
524923148576518144
544462911729455104
544329896529760256
544509652390924290
552813155572006912
498433651835940865
553553966970044416
500177556768034816
552833148128862208
553571541578174465
525012561214058496
524995620088864768
544338622422335489
500264535471980544
553529789794250753
552834640692912128
500368901365317633
552807054268956673
553213361350262784
552811319079227393
553590427216248832
499610913112989696
553496489641902080
500277481119956992
552847427410341890
552800222553079809
544506678922977280
553194632520421376
500270055540916224
525038296921960449
580371776619839488
553581897792913408
499637476315910146
553519997956669440
553586940856242178
544444661859749890
553234578086055937
524949435886096385
544505129810944001
552817918220984320
552789252690706432
553151506556653568
552821730100924417
552798640679702528
544389986809036800
553142344166301696
553173654121742336
552815575672836096
544388259359387648
553223681409703937
553106200242700289
553204986474422273
553584366803488770
552818334643658752
553185825065009153
553102562665050112
580340024736116736
553160244847984640
544312118497914880
525012247249428482
553540580912156672
544328351939186689
552846874432909312
553169622762262529
544520949748752384
552810287695659009
544416818711252992
544468178961592321
552823940440403968
525021103559696384
553534934447824896
552822718115373057
552849797892542464
544465040666288129
544410806167678976
552821570423771136
499700838127120386
553547659404148736
552806932176977920
553214219899117568
499665704300191745
552985339011153920
553115341338198016
553135255583219712
553508524320653312
553200769671761920
500385585807499266
524999079127162880
500234390723915776
552837012689264640
552850925510225920
500296988077076480
553520399300833280
498530293116968960
553552772277481472
499662393627410432
552816010752167936
552825083941879808
500380881563811840
544293177596067840
553140613051215873
498256407980826625
552820575752974336
524979756371288064
553177321218514944
525041601890881536
544459886365376515
524979070288019456
524928960615186432
553490241445965824
552833681111658496
580365989780520960
500365170796158976
553476288103477249
524979881525137409
553164303650799616
553163344577064960
524944610985263104
499704416937975809
498323364197699584
552811533303296001
499530401136668672
553473629854646272
500283013541163008
544518088117329920
553117857609809920
544444539092488192
499455799723184130
524957872296583168
498507730395484160
580326370640818176
499387993879511041
544293069957259264
525020733622464512
553223882128490496
553572111441465344
552838479844216833
498531639472189441
544386515171020801
580343473607438336
553151980928262144
553161458931236864
552844311096983552
524929550493712384
524955102554361856
580365806720122880
553220172925132800
544458558432350208
500328583194509315
524974786460778497
553219047048105985
525055967076290560
581325197661376512
553220054184382465
499554114024771584
544347292493705216
499706059691663360
553536358950916096
500402449501286400
553592108699758592
553555293645590528
544519849507307520
544442676410867712
553535227214438400
544519486167330817
499607500187250689
544497307933474816
553584292090359808
553543144172969984
544394858405060608
553506946054369280
553512076304728064
544308490840195072
552827164677373952
544515215576948736
552835339325558785
553517380995792896
552806056154644480
544402515085623296
544484515742482432
544382795099799553
500429525558505473
552800223496790018
552823933381394432
544446667312091136
544470708093747202
498512590260023296
500320316602974210
544427753785659393
544393889113600000
525005134624215041
500382073593405442
499697037156171776
500347379938492416
544419497667751937
552822783311630336
524998460848611328
552822043490938881
499682060793937921
553145603665186816
499411738467794945
552827133500719104
553124985137815552
499652628825899009
499649754822103040
544477097016578048
553220369721483266
553590750701551616
580364493928181760
544341369762742272
552985297307598848
544508543152304128
544325938826076161
544465934149513216
553107939926736896
500386978467414016
500322242296041473
552832169496694786
552808658510561280
553209917944131585
553113509152952321
553126044375732224
553591679341842432
498476761538371584
553196035133440000
500335761615355906
544328673097039873
576504635738951680
553489837542899712
552816933851394048
498575704582148096
544308793623207936
552817785949396992
544438499642847232
500271532279877632
525045709402148864
552805069956329472
552981296839131136
500402908740210688
498527404386578432
552835209285337089
553215523602046976
544389911630340096
544377326122057728
544312732443348995
552981694979248128
524936881348558849
500426667446513666
552823108537954306
552827553493565441
524995812854489089
524950679274942464
580333827425439745
553551279620755458
553566644006817792
553591049541914624
525044725926330368
553215634864345088
553573875528007680
544476533302505472
500375737439096833
581262528107384832
499674159916789760
553198107278987264
499402444267212800
544420375224791040
580339310299340800
500303864495882240
580335420703170561
544349773676179456
500427783848615936
498510381774819330
544310691600302080
553588326578417664
544416436374892544
552832738542514176
499620682502635520
552830151650967552
552982908865368064
524957773810135040
553101858013581313
553175714128990208
544487291465392128
544363391641341952
552829395690201088
553178341596233728
499366930457710592
553099479381848064
524973444946202624
544520434767503361
544495066258362368
553517053110657024
498296205777326080
498303769915191297
552816497740251136
544317139323473920
500317579060449280
552823014866563072
524927809773649922
553116149333114880
553590881371320323
553161476928978944
553586275438301184
552843285468020736
553155988917075968
544440724192628736
499612195756728320
553542282100871168
552805970536333314
552789443644751872
553118212813246464
552830433688571904
500231335668383744
553173371043995648
544494721872433152
552985389523148802
553539373707186176
552810855503757313
524943804051496961
524953508978909185
544415105358643200
552822566726164481
498355319979143168
524953569762766848
544516739178827776
552820331204055041
553174789561389056
498499836900278272
552793409438904321
544314301067304960
553229956830875650
544276027644850176
524977830124617728
544284483453595648
552830521340723200
498463733447163905
499702384424022016
552836854085459968
544499892010635264
500399181627162624
552791719272775680
544504954334224384
544417680284192768
553558824720666628
524964630221705216
553215305917665280
499684402616864768
524968564306882560
552837268160135169
524966572277129216
552788007603142656
500353295903637504
544438653410639872
544338676835041280
553209912550240256
500350460122136576
553231667523883009
544337816298070017
580326744357515264
580346858846822400
553498106588049408
544298354029506560
552847370489430017
499701408904798208
544516478821613569
499575076468305923
553514329166061568
499698964925796352
552807874192482305
544432190281359360
500364705622671360
544486142763347969
544440498594017280
553137601457426433
553562832001048576
500286460210462720
544427543336464384
499514668814467072
553226479904231424
499655869412286464
500277472068263937
553537322218553344
524928223499784192
544305018439204864
544391412075069440
552838203078873089
500236774103605248
499511714438971392
499689919929798657
552837907174948864
553589970775343104
553218281705066496
544514988078280704
544421653128556544
498316475317239809
552842580929826816
499589336816308227
544503881527742464
553180005514366976
552815682241691648
580351758213447680
552831524002103297
498313143530303488
524964457936863232
552815387759616000
544477834396577793
553128245420257280
552812984343330816
553200726403710976
552839869387399168
552842642216988672
553227238829981698
553560769246539776
552845393541988352
525022821534429185
552824462958395392
499706791396392960
499643185581142016
544464731449196544
552817205982019584
580334729678966784
499595283504701440
553147034707165185
552804328319504384
544279950929321984
544518128798294016
553525347266740226
552982560146726912
553497730476015617
544336572141694976
544307589245587457
525012689568161792
544518036255150080
544487672145018880
552831515940634624
552842236883652609
499647059688173569
499432557906104320
553542784800792577
524955251464736768
544346261365600257
524994965366382593
544515174376701952
544500288183607296
552840606074953728
553195808930410496
552819350504493057
553516364879904768
553226143307161600
525046232209956865
500293830827331584
553530513580118016
552829571750715392
499706211093471232
544308749725626368
553163722378977282
552978225010184193
499702134279913472
553540719714271233
552807101442322432
544520121436213248
552836898562265088
553205492458475520
525019265888702464
553191800408911872
553131554743287808
499673760484433921
498494758814109696
553229948153262081
544298334354411521
499377813758443520
553205115830951936
499703128540061699
553177833686589440
524947129354420225
553215383256432640
553216451780554752
524923403183333376
498489114384420865
500363141034020865
499439795618480128
499576743967993856
524945814796644352
552834182905221121
553140461540343808
524929559909916672
498274692873351170
544515671347200001
544423787949600768
544369653015801856
552824742097719296
544307871853592576
552833795142209536
544502782267752449
544333236243947520
552842761565904896
553491604917334016
524934142958788608
552821977061556225
553585840270876672
552818870281850881
553151201253294080
544350803125735424
500316380063748096
499695028407922689
552801894092275712
552841006799159296
552821050145513472
580370309884182529
499394946416529409
499621957747224576
544475905926524928
499438977774931968
553218001181605889
552805799106732032
553131566172737536
552837027616804864
552834229722038273
553196263064498176
552805638024077312
553542516772175873
544389639046721537
581260171688718336
544310166242734080
524978855531253760
552814460193476609
544305859904286720
553148844574511104
544375969687953410
500162426998755330
552834558706847745
544284599996526592
544499449645768706
544520195659014145
499695918547861504
544467710923395073
544332519861022720
553177099843149824
500382437655207936
544404673357021184
500365059390836736
499679142766735362
553582039106990080
553531802347122689
552829031075553281
499569344184340480
500331472277225472
553229177055219713
552826581916594178
498474035668586497
553145859089920000
500318336719134720
544515971637968898
544444021066563584
553149880693456896
552824383816073216
552837147305455616
499705810076053504
498310006169538561
553184082277187585
544340812448804864
553515827073261568
553566200098488320
525050193360613376
524941272549969920
499529014797557760
552841477819473920
552839800433410049
553170984824733698
524952322703900672
544420067774316544
552849662991151104
553492305521672192
544369574842347520
553206096131670016
544499780479893504
552797729504886784
552978225094078464
500420356621213696
498340530770939904
499608179362521088
552847488571678720
544495359800930304
553182566564757504
544399562866053120
498287166909579264
525012912562536448
544343625069379584
552808242276229120
544308888628387840
553479401296625664
544331022104395777
500301870145880064
499698357397237762
553203538579701760
499481575059619840
552827848734830592
499678822598340608
552807328287064065
553592081483321346
544494652418949120
544286688436969472
544280391226761218
524926528342487041
580325486477357056
500362679039840257
552805956619628544
499691556652449792
553145422097969152
553563356339384322
525060022569422849
544301961638457344
499693751720501248
553153190859141120
544515517546254338
552845191003250688
544280650455728129
581247335998431232
552825783337897984
544330174351679489
553551435762503681
499439571520991232
552790565642067968
553096943455727617
553567076728963073
553540934118694912
553553112456499200
552837655105658880
544334394912014336
525015193425031168
524924660480487424
552800070199148544
552824162969210880
553190655011205120
553126517187047424
552819936343883776
553098796108750848
500396027342376960
552830781656428544
544329251487756288
552796625467621376
553218599390040065
498544167757570049
552827819521085441
553545386082979841
552811254667288576
552815293349650433
500378874656854016
553473369539366912
552984511051751425
500278978557804544
524966946467749888
552834732325879809
553208762291339265
524993612279336960
499658267493019651
580324338865430528
552845654637436928
499571799764770816
552802117908697088
552839518974660608
498283233982025728
553112230292496384
553526283033133056
499536812109742080
544420376424353792
553523303453696001
500382270340214784
544403112656527360
544464812621578243
553216874130206721
553213326277500929
544409400941625344
553558611306090496
544426421331169280
552811438994378754
544426670095368192
552841185199263745
552812811651272705
553174536028303360
580353737769820160
544306591235710976
552838287929663489
500070699768496128
499673142114013186
552794995942772736
499345384024842240
553469263650906112
544419416578850818
500370188970524672
544489539348471808
544288968624578560
552815712327454720
553537280343031808
552813590919778304
500376174095511552
525040492388823041
553121581187485696
544338698750664704
552829637215408128
553127632947396609
552833236389199874
544497137221136384
498289596463980544
553190729447919616
544459137674125312
544427042616254465
552837310707171328
499699052389208065
524940623594287104
552836695754678273
553590880352088064
552845250268766209
500407038800056321
544384839906906113
544432946841538560
524983395026497536
544456216907636736
544319450569134081
544306732475105283
499553298668859392
552803792618799106
580355192908095488
552836586191474689
553537551114706945
553224402012078081
500175929902395392
500327581514993665
499606278910398464
552812020295532544
553105121526427649
553582812964876288
525026973459165184
544458427263512576
553100996855885824
498287947301814274
544416309266898944
553100203239428097
544340578528272385
524929014621032451
553555705945288704
553491517462315008
498298040881782785
552832584045330432
499453886474637312
544500527720325120
524932292406681601
544490976253726720
553168698677030913
553555156391186432
553174338380517376
499563566786433024
544444261027299328
544447757860483072
499700861900435456
544299029601861632
552833268362772481
544345939054710785
500358258654470146
552831266945794048
553576010898497536
552791578893619200
581132461960249344
581107798932631552
544428421745741824
500285919539511296
544272155144646656
544373515067998208
552809418417790976
553491540535156736
552790742700417024
544305540286148609
581359544682614784
544496262629036032
544284455909998592
500235112785924096
553563668169125889
500359223557890048
524947867975561216
552996335319007233
500278045597368320
524949828711620608
544353502689251329
524957517294886912
544278985249550337
544324444773433348
500289307257868288
500237448798949376
524988712367955970
544516079129993216
500280658665537537
500379055594946561
553136845589319680
500288971197263873
529654321873715200
500422971320963072
525032520124207104
524969501704855552
500358526804316160
553505371290357761
553545906155712512
544289409294553088
525002243100401664
524930538009006081
544511151900753921
500319675797209088
524967620588896256
553503546382249984
525030117014507523
544283772569788416
552828474814398464
580325090367315968
524974318087061504
500360244187635712
500292202845982720
544350985142173697
544334939374641152
552792544132997121
500280809652514816
544339368823894019
544287922166726657
525040097272819712
544279945128591360
499648409767538688
500378338582884352
544267656597995521
500339512082698240
524937204552843268
500332042648055808
544385086955589632
544334554631536640
553099685888790528
524962072262881280
544518841020473345
544387886611570688
500360094924931073
580368417556992000
553501773517033472
544509140911919104
552985611070881792
544309275141885952
553554835203956736
552784168849907712
544376732649013248
544276998017646593
525071376084791297
553531343834202112
524946609453678593
544328894812549121
580342519516512256
552984347754897409
500427786159681536
500309222635360256
552982443511144448
500290867681587200
553544252563935234
500358655834062848
544493466836017154
524933380929245184
544391176137089024
544279103864860674
544288773023203328
580326807704088576
524991067675189250
498317138554150912
544278913883447298
500279189405433858
544401599414943744
552805596198871040
544350480780914688
544359422726664192
500308574703452160
525048987649576960
544302821450207233
553152395371630592
544290646010261504
580882674413375488
544280923923959808
525039242771464193
500284699760427009
553572754746638337
544287203728556032
552808282398924800
524974885362479104
525049831312875521
553476880339599360
500290977798836225
524924225463668738
544288135564107776
544512514651066368
553589121776898048
553478677359775744
524955620538343426
544374422056882176
553535467065712640
500354773133299713
544338575240609792
544400775775289344
524965723672961024
552848620375261184
552833028201144320
524928878075457536
525009850104037376
524968205690089472
552832817089236992
576831447299796994
553588374280601600
500375440285237248
500295333486657536
499530130487017472
524983050187579393
581394092648710144
553475430897156096
553541988490825728
544512398628241408
552791196247269378
544288661253398528
524925215235911680
500351760402493440
553590529548886016
524980219749597185
521595221155774464
521359454672269313
500286059918274561
525035564014526464
544351885298130945
524935791794221057
524947674164760577
500298091627823104
544401675789033473
580320745974288384
552793679082311680
580349424058175489
544315864397258752
544286172109758464
553017543330648064
553536603998945280
552806757672964097
500377906305327104
544300945820352512
544282877278814208
544321103875694593
553129559173115904
544338731210399744
544512108885725184
524982699220803586
524934941914968064
580325799078793216
500366333461422080
500277526590423041
500378522788315137
524970097711267841
553575232867672064
552806309540528128
580320964875014145
524981557770350592
544340091615715329
581063753837481984
524936966492942336
553544419602104320
544359578612559872
576812336952000512
500360248767840256
500287224957898752
500328758201815041
544294402366394369
544277526248304640
524966582544781313
544510450101415936
544270745744846848
544454229960974336
544391085150457856
500359075045990401
500301418406744064
553508098825261056
524923341359300608
544521141335764992
529728291545284608
500309193526882306
500287491182579712
524964564018790400
525024181218725888
544294692456628224
544292129972170752
544511676088066048
552978476605923328
580365368805486592
581287562947395584
521375609206083584
524953840127574016
553502446769942528
544377502563459072
525027539845410816
524975705206304769
544291829290508289
500364921607974913
544307040932601857
544273888725577729
500292806175236096
553137849663361024
544492053900836864
524976963862429697
500273257262886912
500382265076379649
552811386259386370
500359508531884033
500294803402137600
524953604717686784
544269221564137472
499525020708634625
524951711941922818
544511434840113152
553528788383191040
500284699546517505
581287795991302144
525067500447612929
544284577318318080
529646030472904704
525034687245582337
580320890086383616
524972443308683264
544333764814323713
544307776135364608
544385829180035072
544350712365207552
553484365012148225
524943721302089728
553184482241814530
544476808566276097
529723684454666240
544285296565948416
500358195408551936
552991544731774976
544508900595499009
524952995034042368
498486826269548545
581153923987206146
544332254068350978
544356997718900736
500354853680340993
500308705083400193
544383230091464704
553588946039746560
544343410849886209
500300813835988992
524959630158725120
553500238246608896
552799317602615297
500354471525109760
552797406094716929
524936793633083394
552786099899494400
544380433014591488
544381860214603776
525051210349289472
553573365798416385
544285194815942657
553518024272379905
553529196216344576
544408496918499329
544315187608973312
544317709396496384
524947964620701696
553538058440941568
524940077978640384
524927288077746176
576833924736892928
529669611030331392
500283291493494784
500293392060780546
576475228928385024
544281235271745537
499520839860367360
544509086998749186
524945879455653889
500375545918803970
544317165965303808
544388013141143552
524969201102901248
552788945017516032
500377145349521411
553589606307090432
524985687704338432
544381485591982083
553559793940447234
581264214809022464
553553724548059137
524926445496197120
525025806079504385
500324234821124096
524953110285152256
553486529231089664
544310853613281281
581296960830881792
500286293688193024
524935769614331904
524932935137628160
500335355904540674
524923293711998976
553586860334010368
524957752138149888
544271069146656768
544301900682629121
524974106308251648
499494187969298432
521310417696858112
500364290545958912
544387967037763584
544301624814870530
552837132491186179
544269749405097984
552829386773516290
553469733656203264
529735459069788161
525036240848945152
525023912221212672
544301296099270656
580348081100734464
544355417900716032
524943132409212928
552796091255894016
524976526891417600
553542442373619712
553551225560764416
544302448522035202
544362279006113792
524931913426157568
544514645571420160
544326597055369216
500397785246466048
553543369604210689
524952341561491459
553536236493615104
544269997745242112
500357713260724224
500312670260957185
544519635916169218
525026715123601408
544343367279456256
500327120770301952
553553288625672192
544511915158810624
553474188259102720
581252958446329857
544300674448887809
544514570367168512
552993818816299008
552801958428700672
553493707472011264
553588494661337089
524964929083023360
544307161589772290
544399927045283840
544282005941530624
544280399044960256
524947424482435073
544519166582337536
525026592788348929
500391222075076610
544377870554898432
552834961762709505
499655249398075392
580321844089212928
553521417598550016
524944881941495809
544425928290750464
552830684021424128
498430783699554305
544320179560525824
552790371848040449
525058633730891776
544290780991725568
524923462398513152
525001895631654912
524925730053181440
552807834434699264
524949887591653376
544273220128739329
552813461953323008
544297827258888192
544280077778055168
500383514567925760
544374563539140608
500277808883830784
525041091507388416
524940716733370374
581307361857392642
544346359948910592
500280249629036544
544492209861836800
525029954908860417
544286537299787777
580334678340558849
553186555150749696
524935485370929152
552821069036670976
544511130249744384
544354657385316352
580322346508124160
580697361799876608
500305514447003649
525026219100995584
500336040440516608
553576849943826432
581437061363675136
500290464621559808
580319651399385088
544284078330376192
553198972287082497
524933657493250048
544333020023754752
500389488217309184
544274879055675392
500359125310922753
500360095738626049
521350916872876033
581287108607811584
544395712130449408
544374018661687296
544342204576038912
544410576894427136
500303431928922113
524926279309860864
580326398620934144
553579224402235393
544301455952588801
553503909692841984
544282227035869184
553184643055644674
580326012749221890
544383383095508992
553541676229472256
500361847070269441
552820736490889216
524941720249978880
524954630279925760
500251242124173312
581301336085553152
580327336505176064
498345343629541376
544521166543548416
581063145256538112
553542565593878528
529723420993683457
552792988376915969
544517264725516288
525036214286815232
544289880805605376
552816302780579840
524965406377664512
581290271997968384
499456140044824576
553574501964079104
553587672137334785
524961721744900097
529771847186124800
552798654495354880
581550667753504768
500388199064420352
544279776765431809
544272537341812736
500308076004929537
499404849835175938
581479017770979329
544483282352889857
552845136414380032
544315472075042818
544382249178001408
500316005089181697
544490782183657474
581386094337474560
544336537870434304
552784526955806720
552834461478715392
524958128392376320
500281856559161344
524935085863481344
544366894107480064
544283387087691776
544389893120856064
524941504796962816
553552293371871233
544511865729323009
544515538383564801
553102901619748864
544308531684335617
552983615747796994
553495137314435072
544307028815253504
553558385048944640
544512910538838016
552838551071911936
524930671220105216
500363831957135360
544305673287524353
544366036498542592
521367917322338304
500360018928353280
500291116403789824
581063730319925248
525044262648676353
544367462012432384
552797638807281664
544341194822520832
529654845838741504
553556844665659392
553501357156876290
524951585231994880
553118198741356544
500296080710705152
500303238810574849
576321916593659904
552793551231541249
525046462460477440
552831881847533568
500417151346696192
553590459688570880
500284494201757696
552792271243210754
544409517224898560
499706705354448897
552803839490150400
529818929607475201
580364138020507649
553574345235103746
525027317551079424
544356122082410496
553485452943302656
544316814856306688
524950404283772930
524932792925569024
544489340584222720
500413818368184321
552790824971677696
544379738240720896
544289448150986752
524925050739490816
500371149713178625
524940030109036544
524957429889777665
524969483317026816
544282449388519424
500361302238564352
544334477011349505
544514883484520448
524956129017995264
552806937470201856
544272134764122112
525033278555033601
524962748237889536
553555600911925249
553506608203169792
529399936434327552
544277117039837184
500347920210989057
524987851046658048
544291965513134080
553141732452626432
544514474963922944
500307001629745152
525036393983381504
544380742076088320
553536269972942849
544367253857525761
500408607561629698
524954586696933377
525033625788907520
580340476949086208
553480082996879360
544274757689307136
525070933556350977
524960247518330881
544287165912735744
525031558949134336
544407300329709568
525072912957452289
580319999887347712
525024518713397249
525046443103354880
544277817987330049
544384041391517697
524943012602716160
553554585634496512
544492454016475137
553546063752478722
553531413459660800
552801829290270720
553590835850514433
544277113683980288
553557753558757376
500378522398244865
544379489263042561
524977651476623360
544378515378814977
544277728930062336
553139203320860672
544274364288364544
580331561398108160
580319078155468800
500308708988301312
544372177965834240
553502180666531840
500286984162525184
544319274072817664
525059348574130176
500309745350508545
499368931367608320
525057025785356288
544462330105712640
521369179392581632
544285712653500419
580333763512705025
544313043463987201
529763844176896000
544313370892324864
553535441828605953
521361857810939905
544360928603799552
499612545909415938
544390903839088640
525023025792835585
544492984880754688
544304742743044096
544384662765068288
524943886553468929
553164985460068352
553547836517007360
498294367405477888
544297950134816768
544519694401941504
524927281048080385
524970966842376192
500297358908071936
553536887349325825
524965165759221760
524987107081977856
525065430713790465
544300178443100160
553531695480463360
525020326816927744
544301786849640448
525045145079533568
521381662551474176
498480911243948034
544281689233850370
580320612155060224
536826643122503680
500294349872062464
544317438079139841
553586897168392192
524941041301225472
544517264054423552
580882701063979008
544384394337611776
552979279039197186
576319832800555008
524980504324358144
500277940253634561
544520932405284864
500359117132017665
524949339131904000
552801438821515264
552794157484634112
544273427075710976
553548567420628992
500277563072475136
500296158476906496
552810804186460161
553556643456507904
553588993993232384
500343812863311872
580882121222434816
544277516773380097
544284957766463488
524981689781870593
553104503520890880
525058825909731328
529644561770217473
544388329094270976
553476471470432256
500247666924986369
500309381930844160
525057374965739520
500388703114895360
544407139205132288
552807528070131712
544273256174198785
525067386849091584
553513403512532992
580322927679279105
553493785523400704
544273050188148736
544518335019229184
524967376719466496
553176929411825664
581303989406314496
581293286268129280
500347114975944705
525005886272843776
553531971457265664
524964948683005952
525044004287971329
544277860555710464
553461741917863936
553110339236409346
544318036715782144
553540617540624385
544274544174071809
529679889923076096
553541776854634496
544316576645017600
553589055116836864
524929497205055488
544504183341064192
544306719686656000
544510453201006592
544433739539812353
524946179390701568
553561170637238272
500286805720449025
498293668655423488
525042177643016192
544302827330224128
544508479675711489
500319801344929795
553495922639122432
544514538797035520
552790838015979520
500336373833170945
544305913260433408
580321948070240256
580348878370828288
524971492820647936
553473416905629696
553580959661309952
552808071387701248
524947196131966976
524959027516932096
544285245600989184
525062013551001600
544277852968210432
500281131057811456
500286058664579072
500359323588239360
499381843955707904
552810448324943872
525037656820826112
524974779540197376
544291619084959744
524976929703997441
581314363644121088
524926643325132800
552786016906383360
544277650714677249
553550301886955520
553484780093050880
544512691948498944
581404604677660673
553588053348843520
544268186292867072
544290752533393408
524929796862918656
544271815007145984
553578029751226369
500279160795721728
544390130682068993
544284859628523521
544445364322197504
544377700677615616
544309060883845120
524944569528750080
553546029212389376
553535430788780032
500388477763325952
525062993898635264
553144712920834048
544510345289924608
553587013409325058
524956383318650880
544430771688439808
580371847335821312
524946921547628545
525030696738652160
553585504093224962
552821287933202435
525023610243928064
544411313779126272
500296692713783298
544273459199893505
581315281630318593
553586781355278336
525019752507658240
553470382129565696
529696730607271936
544511811404705792
544373676842311681
525056576038518785
524937330923417600
524975142641086465
500298981558063107
500360978387976192
525060425184858112
525003468659228672
524945170777645059
524936872666353664
544374395540881408
580370275121938432
581450117972144128
500280838710247424
544329935943237632
500279519455219712
524949526487265280
524929893759737856
544300088747884544
544491160803106816
553547270264979456
500369391339724802
553549686129561600
544305463048015872
544364000897945600
544469470568148992
544411097797644288
544321934410788865
553474514496278528
544392718601183232
553475729187680258
544519245087121408
552812682626465792
525021358879936512
500292917957648384
576796432730071040
544462912644214785
525023642007371776
553115168084074497
525040545870385153
525052223030845440
525013278343581696
552822434639126528
498254340310966273
529739968470867968
552795773180858368
524949069945634816
500363740311982081
580319116302647297
529720273285566464
581295858898989056
524991844292521984
553590653784195072
552784882687299584
544385641975676929
544443739800731648
524936365427806208
500364250461003777
525038096086499328
580326222107951104
580320645906632704
544301453717041152
544268637134393344
553121732387946496
