552802714816905216
525045203648790528
552795778922864640
552835221859483649
553192373728342016
498274948772024321
553144889811402752
544446269968908289
544384825332101120
553214783647145984
524998881676107776
544439521236893696
552821862850637825
552791332935434242
552826992509599744
552827981069291520
553171877464920064
500070108099002368
553105208008773632
544392353717317632
552820930419109888
552850379453366272
553563750230683650
544515072203444224
553481963864993792
498292317296812032
524968466559033345
553157384714342400
553189840913989633
553553331671408641
499388619425980416
552849157694947328
500328049058279424
552827117663436801
552834842837409793
553587546614427649
553216460164968449
499387698390790144
500335927248429056
498530946338258944
553164185006534656
524983236712476672
500320286341099523
552980632432050177
552804962158514176
524939347699585025
524957105296404480
552840037642297345
499669671034257408
553503846258196480
552804769241526272
553215362058440704
553214700155330560
544449632131375104
553591980748734464
552834481183539201
525011747007377408
544519396828672000
544395613043818496
553145759961714688
552847905498103808
553106714682462209
544519083300241408
552811606640721921
544457904422531072
553197197618339841
553159810179661826
553165538499641344
524979179235069952
552832142397296641
552826443965927425
553532452472238080
553478014785187840
500347484154372097
553226059836297216
553538939076624384
544513510450155520
500306837103968257
552824320389435392
553583376398319617
524932635177795585
552815443959091200
552804810463117312
553186026811039745
499699803576881152
553234456522522624
500339591392817152
553487579077550082
499541439962185729
500192488003354624
552825303341740032
500331134040162304
544337383215226880
553230256992423936
544414430025371649
552825211654246401
553560488056225792
553106334607228928
552819649599897601
524980483479076864
525006853626159105
524960814944747520
499583424114728961
499406086945136640
525007337724325889
544420349052342272
544308031446872065
553579715014172673
544297247567917056
544391323214573568
499567797064957952
552819316702199811
544500883963518976
499703369108553730
544379143136497664
500317687239966722
553187282295877632
544517721757847552
552832291601674240
553555948883959809
552850282410176512
524939142485262337
553166907596365824
500377192841609217
552816590463315968
499655603405725696
499660771857809409
553228535511650305
500318980007948288
552834559297867778
553147368913506304
553569333150896129
544475686740967424
544447054034919424
552837190360006657
552824163841638400
544521948924248066
499375535458643968
525066628359127041
524923148576518144
544462911729455104
544329896529760256
544509652390924290
552813155572006912
498433651835940865
553553966970044416
500177556768034816
552833148128862208
553571541578174465
525012561214058496
524995620088864768
544338622422335489
500264535471980544
553529789794250753
552834640692912128
500368901365317633
552807054268956673
553213361350262784
552811319079227393
553590427216248832
499610913112989696
553496489641902080
500277481119956992
552847427410341890
552800222553079809
544506678922977280
553194632520421376
500270055540916224
525038296921960449
580371776619839488
553581897792913408
499637476315910146
553519997956669440
553586940856242178
544444661859749890
553234578086055937
524949435886096385
544505129810944001
552817918220984320
552789252690706432
553151506556653568
552821730100924417
552798640679702528
544389986809036800
553142344166301696
553173654121742336
552815575672836096
544388259359387648
553223681409703937
553106200242700289
553204986474422273
553584366803488770
552818334643658752
553185825065009153
553102562665050112
580340024736116736
553160244847984640
544312118497914880
525012247249428482
553540580912156672
544328351939186689
552846874432909312
553169622762262529
544520949748752384
552810287695659009
544416818711252992
544468178961592321
552823940440403968
525021103559696384
553534934447824896
552822718115373057
552849797892542464
544465040666288129
544410806167678976
552821570423771136
499700838127120386
553547659404148736
552806932176977920
553214219899117568
499665704300191745
552985339011153920
553115341338198016
553135255583219712
553508524320653312
553200769671761920
500385585807499266
524999079127162880
500234390723915776
552837012689264640
552850925510225920
500296988077076480
553520399300833280
498530293116968960
553552772277481472
499662393627410432
552816010752167936
552825083941879808
500380881563811840
544293177596067840
553140613051215873
498256407980826625
552820575752974336
524979756371288064
553177321218514944
525041601890881536
544459886365376515
524979070288019456
524928960615186432
553490241445965824
552833681111658496
580365989780520960
500365170796158976
553476288103477249
524979881525137409
553164303650799616
553163344577064960
524944610985263104
499704416937975809
498323364197699584
552811533303296001
499530401136668672
553473629854646272
500283013541163008
544518088117329920
553117857609809920
544444539092488192
499455799723184130
524957872296583168
498507730395484160
580326370640818176
499387993879511041
544293069957259264
525020733622464512
553223882128490496
553572111441465344
552838479844216833
498531639472189441
544386515171020801
580343473607438336
553151980928262144
553161458931236864
552844311096983552
524929550493712384
524955102554361856
580365806720122880
553220172925132800
544458558432350208
500328583194509315
524974786460778497
553219047048105985
525055967076290560
581325197661376512
553220054184382465
499554114024771584
544347292493705216
499706059691663360
553536358950916096
500402449501286400
553592108699758592
553555293645590528
544519849507307520
544442676410867712
553535227214438400
544519486167330817
499607500187250689
544497307933474816
553584292090359808
553543144172969984
544394858405060608
553506946054369280
553512076304728064
544308490840195072
552827164677373952
544515215576948736
552835339325558785
553517380995792896
552806056154644480
544402515085623296
544484515742482432
544382795099799553
500429525558505473
552800223496790018
552823933381394432
544446667312091136
544470708093747202
498512590260023296
500320316602974210
544427753785659393
544393889113600000
525005134624215041
500382073593405442
499697037156171776
500347379938492416
544419497667751937
552822783311630336
524998460848611328
552822043490938881
499682060793937921
553145603665186816
499411738467794945
552827133500719104
553124985137815552
499652628825899009
499649754822103040
544477097016578048
553220369721483266
553590750701551616
580364493928181760
544341369762742272
552985297307598848
544508543152304128
544325938826076161
544465934149513216
553107939926736896
500386978467414016
500322242296041473
552832169496694786
552808658510561280
553209917944131585
553113509152952321
553126044375732224
553591679341842432
498476761538371584
553196035133440000
500335761615355906
544328673097039873
576504635738951680
553489837542899712
552816933851394048
498575704582148096
544308793623207936
552817785949396992
544438499642847232
500271532279877632
525045709402148864
552805069956329472
552981296839131136
500402908740210688
498527404386578432
552835209285337089
553215523602046976
544389911630340096
544377326122057728
544312732443348995
552981694979248128
524936881348558849
500426667446513666
552823108537954306
552827553493565441
524995812854489089
524950679274942464
580333827425439745
553551279620755458
553566644006817792
553591049541914624
525044725926330368
553215634864345088
553573875528007680
544476533302505472
500375737439096833
581262528107384832
499674159916789760
553198107278987264
499402444267212800
544420375224791040
580339310299340800
500303864495882240
580335420703170561
544349773676179456
500427783848615936
498510381774819330
544310691600302080
553588326578417664
544416436374892544
552832738542514176
499620682502635520
552830151650967552
552982908865368064
524957773810135040
553101858013581313
553175714128990208
544487291465392128
544363391641341952
552829395690201088
553178341596233728
499366930457710592
553099479381848064
524973444946202624
544520434767503361
544495066258362368
553517053110657024
498296205777326080
498303769915191297
552816497740251136
544317139323473920
500317579060449280
552823014866563072
524927809773649922
553116149333114880
553590881371320323
553161476928978944
553586275438301184
552843285468020736
553155988917075968
544440724192628736
499612195756728320
553542282100871168
552805970536333314
544520195659014145
499695918547861504
544467710923395073
544332519861022720
553177099843149824
500382437655207936
544404673357021184
500365059390836736
499679142766735362
553582039106990080
553531802347122689
552829031075553281
499569344184340480
500331472277225472
553229177055219713
552826581916594178
498474035668586497
553145859089920000
500318336719134720
544515971637968898
544444021066563584
553149880693456896
552824383816073216
552837147305455616
499705810076053504
498310006169538561
553184082277187585
544340812448804864
553515827073261568
553566200098488320
525050193360613376
524941272549969920
499529014797557760
552841477819473920
552839800433410049
553170984824733698
524952322703900672
544420067774316544
552849662991151104
553492305521672192
544369574842347520
553206096131670016
544499780479893504
552797729504886784
552978225094078464
500420356621213696
498340530770939904
499608179362521088
552847488571678720
544495359800930304
553182566564757504
544399562866053120
498287166909579264
525012912562536448
544343625069379584
552808242276229120
544308888628387840
553479401296625664
544331022104395777
500301870145880064
499698357397237762
553203538579701760
499481575059619840
552827848734830592
499678822598340608
552807328287064065
553592081483321346
544494652418949120
544286688436969472
544280391226761218
524926528342487041
580325486477357056
500362679039840257
552805956619628544
499691556652449792
553145422097969152
553563356339384322
525060022569422849
544301961638457344
499693751720501248
553153190859141120
544515517546254338
552845191003250688
544280650455728129
581247335998431232
552825783337897984
544330174351679489
553551435762503681
499439571520991232
552790565642067968
553096943455727617
553567076728963073
553540934118694912
553553112456499200
552837655105658880
544334394912014336
525015193425031168
524924660480487424
552800070199148544
552824162969210880
553190655011205120
553126517187047424
552819936343883776
553098796108750848
500396027342376960
552830781656428544
544329251487756288
552796625467621376
553218599390040065
498544167757570049
552827819521085441
553545386082979841
552811254667288576
552815293349650433
500378874656854016
553473369539366912
552984511051751425
500278978557804544
524966946467749888
552834732325879809
553208762291339265
524993612279336960
499658267493019651
580324338865430528
552845654637436928
499571799764770816
552802117908697088
552839518974660608
498283233982025728
553112230292496384
553526283033133056
499536812109742080
544420376424353792
553523303453696001
500382270340214784
544403112656527360
544464812621578243
553216874130206721
553213326277500929
544409400941625344
553558611306090496
544426421331169280
552811438994378754
544426670095368192
552841185199263745
552812811651272705
553174536028303360
580353737769820160
544306591235710976
552838287929663489
500070699768496128
499673142114013186
552794995942772736
499345384024842240
553469263650906112
544419416578850818
500370188970524672
544489539348471808
544288968624578560
552815712327454720
553537280343031808
552813590919778304
500376174095511552
525040492388823041
553121581187485696
544338698750664704
552829637215408128
553127632947396609
552833236389199874
544497137221136384
498289596463980544
553190729447919616
544459137674125312
544427042616254465
552837310707171328
499699052389208065
524940623594287104
552836695754678273
553590880352088064
552845250268766209
500407038800056321
544384839906906113
544432946841538560
524983395026497536
544456216907636736
544319450569134081
544306732475105283
499553298668859392
552803792618799106
580355192908095488
552836586191474689
553537551114706945
553224402012078081
500175929902395392
500327581514993665
499606278910398464
552812020295532544
553105121526427649
553582812964876288
525026973459165184
544458427263512576
553100996855885824
498287947301814274
544416309266898944
553100203239428097
544340578528272385
524929014621032451
553555705945288704
553491517462315008
498298040881782785
552832584045330432
499453886474637312
544500527720325120
524932292406681601
544490976253726720
553168698677030913
553555156391186432
553174338380517376
499563566786433024
544444261027299328
544447757860483072
499700861900435456
544299029601861632
552833268362772481
553487625815064576
544306616137293824
544403564077260800
552797148975464448
544421207115051008
498508707244683264
552822604206460928
525041399344168961
498291267756130305
544401374675341312
553113938091462656
553221293298819074
498276304635322368
552849865680494595
544324741239037952
544518337498058753
553157600704204800
552829481962835969
553556728651210753
553540131756732416
544313592477384704
525044166519451648
552818799095730176
524976835881205760
544404937380093952
553163210715844608
499590929611640832
500402804910206976
552842342143905794
544282250503012352
553592040374947840
499406854615597056
553184451774402560
553538559609942017
500382853147164672
544521433473634304
552836844560609281
553196453938855937
553578243173781505
552816288612225024
498529979672842241
499662307560263680
552811354323963904
544461661055098881
544296465619619840
553144964168036352
499366977497214976
498302874531553280
552804301316579330
553479280014151681
553576648973377537
524958238316298240
500296369224310784
499699989237747712
544309113694740480
544336736948473856
553480900869361664
525018717038854144
500316260081889282
553541838494515200
580353697865187328
553545000110538753
580322332348190720
498281886603411456
499689438092726273
544474960602083328
544519298015039489
552830850279424001
544455370476109824
553194417239363584
500352655827279874
500295570393542657
552807904597008385
553163190138580992
553181899662049281
553546967281061888
544319667364708352
524959778125385728
552790695036321793
500332097064550400
499441454498852864
553151749008424960
498357910603575296
524958498770395137
524939821815721984
553542245966958592
552819155859431424
553227258782306304
500189389855916032
525052976562712576
499440386767859712
553566829273423872
499704241741520897
498480344992350209
544505447911149569
553133340795363328
524986210402705408
499349294034743297
553480333954678784
499705246642622465
552815122897727488
552844100224172034
544463778780557312
553195806899970048
498556324868009984
553111820786204672
498492636630896640
553578250186665984
544393766287970304
552812475134275584
499667482354143232
544368246271406080
525059810312847360
524982907052765184
581246782765719552
499657337548701696
552837775498964992
553166766977740801
544446973667860480
500328451929559041
552794514424102913
544443259804598272
500369693203378176
500399997113098240
552818300041052160
553201549997277185
552848653132767232
553586510260629505
499700824432717824
553206989925658624
553135106609922049
500275854434639872
552851629624803328
553189526177579008
552786340958715904
553188974811185152
499409692834021376
544286833362747392
581259253429702656
552984231748829184
525040252948189186
576406521833086976
500391462073532416
500289088285863936
552851421155299328
544478625383608320
552802098602319873
552846886626164736
553227389061582848
553590463354380288
498401948585181184
499695460358311936
500072334578159616
544396608704901120
499699779426066432
553224215676354560
552841287670308865
524988783213547520
553210306877739008
544396078125039617
544470398881259520
500360558806568960
544494312206000128
552838559393013760
544434450918932480
524968185016360960
552808135006887937
498504673339666432
553470907629707266
553188214522249217
553486601146617856
500297243371798528
544310222547087361
553535642848989184
544470979842281472
500315237375954944
553570916907511809
544465862942797825
552979420227842048
500197999205965824
544455530756841474
553214726629781505
552850514132873217
553189490521812992
553563780928770048
524925600318754816
552847230693310466
552845671477153793
553114307383541761
544389770009276416
498284334806495233
500236187395571713
580342917291708416
499517463457849345
552825664307744769
524963878904823808
552824456557887488
552829129356496896
553171056589279233
499657337985323009
544407393451646976
524922078638903296
553099800951136256
553502749498036224
500176071476936704
552796619104866304
544309497041133568
544334623023452160
500302383747194880
553567850301231106
552838324977545216
544506443626741762
499448210789007360
544458083129229312
553544566042009600
499648712596271107
500318003024494596
499698828845780993
553209983845023745
552812140479148032
544296373466562560
500400102125879296
552846811359350788
552837644959621120
544345939054710785
500358258654470146
552831266945794048
553576010898497536
552791578893619200
581132461960249344
581107798932631552
544428421745741824
500285919539511296
544272155144646656
544373515067998208
552809418417790976
553491540535156736
552790742700417024
544305540286148609
581359544682614784
544496262629036032
544284455909998592
500235112785924096
553563668169125889
500359223557890048
524947867975561216
552996335319007233
500278045597368320
524949828711620608
544353502689251329
524957517294886912
544278985249550337
544324444773433348
500289307257868288
500237448798949376
524988712367955970
544516079129993216
500280658665537537
500379055594946561
553136845589319680
500288971197263873
529654321873715200
500422971320963072
525032520124207104
524969501704855552
500358526804316160
553505371290357761
553545906155712512
544289409294553088
525002243100401664
524930538009006081
544511151900753921
500319675797209088
524967620588896256
553503546382249984
525030117014507523
544283772569788416
552828474814398464
580325090367315968
524974318087061504
500360244187635712
500292202845982720
544350985142173697
544334939374641152
552792544132997121
500280809652514816
544339368823894019
544287922166726657
525040097272819712
544279945128591360
499648409767538688
500378338582884352
544267656597995521
500339512082698240
524937204552843268
500332042648055808
544385086955589632
544334554631536640
553099685888790528
524962072262881280
544518841020473345
544387886611570688
500360094924931073
580368417556992000
553501773517033472
544509140911919104
552985611070881792
544309275141885952
553554835203956736
552784168849907712
544376732649013248
544276998017646593
525071376084791297
553531343834202112
524946609453678593
544328894812549121
580342519516512256
552984347754897409
500427786159681536
500309222635360256
552982443511144448
500290867681587200
553544252563935234
500358655834062848
544493466836017154
524933380929245184
544391176137089024
544279103864860674
544288773023203328
580326807704088576
524991067675189250
498317138554150912
544278913883447298
500279189405433858
544401599414943744
552805596198871040
544350480780914688
544359422726664192
500308574703452160
525048987649576960
544302821450207233
553152395371630592
544290646010261504
580882674413375488
544280923923959808
525039242771464193
500284699760427009
553572754746638337
544287203728556032
552808282398924800
524974885362479104
525049831312875521
553476880339599360
500290977798836225
524924225463668738
544288135564107776
544512514651066368
553589121776898048
553478677359775744
524955620538343426
544374422056882176
553535467065712640
500354773133299713
544338575240609792
544400775775289344
524965723672961024
552848620375261184
552833028201144320
524928878075457536
525009850104037376
524968205690089472
552832817089236992
576831447299796994
553588374280601600
500375440285237248
500295333486657536
499530130487017472
524983050187579393
581394092648710144
553475430897156096
553541988490825728
544512398628241408
552791196247269378
544288661253398528
524925215235911680
500351760402493440
553590529548886016
524980219749597185
521595221155774464
521359454672269313
500286059918274561
525035564014526464
544351885298130945
524935791794221057
524947674164760577
500298091627823104
544401675789033473
580320745974288384
552793679082311680
580349424058175489
544315864397258752
544286172109758464
553017543330648064
553536603998945280
552806757672964097
500377906305327104
544300945820352512
544282877278814208
544321103875694593
553129559173115904
544338731210399744
544512108885725184
524982699220803586
524934941914968064
580325799078793216
500366333461422080
500277526590423041
500378522788315137
524970097711267841
553575232867672064
552806309540528128
580320964875014145
524981557770350592
544340091615715329
581063753837481984
524936966492942336
553544419602104320
544359578612559872
576812336952000512
500360248767840256
500287224957898752
500328758201815041
544294402366394369
544277526248304640
524966582544781313
544510450101415936
544270745744846848
544454229960974336
544391085150457856
500359075045990401
500301418406744064
553508098825261056
524923341359300608
544521141335764992
529728291545284608
500309193526882306
500287491182579712
524964564018790400
525024181218725888
544294692456628224
544292129972170752
544511676088066048
552978476605923328
580365368805486592
581287562947395584
521375609206083584
524953840127574016
553502446769942528
544377502563459072
525027539845410816
524975705206304769
544291829290508289
500364921607974913
544307040932601857
544273888725577729
500292806175236096
553137849663361024
544492053900836864
524976963862429697
500273257262886912
500382265076379649
552811386259386370
500359508531884033
500294803402137600
524953604717686784
544269221564137472
499525020708634625
524951711941922818
544511434840113152
553528788383191040
500284699546517505
581287795991302144
525067500447612929
544284577318318080
529646030472904704
525034687245582337
580320890086383616
524972443308683264
544333764814323713
544307776135364608
544385829180035072
544350712365207552
553484365012148225
524943721302089728
553184482241814530
544476808566276097
529723684454666240
544285296565948416
500358195408551936
552991544731774976
544508900595499009
524952995034042368
498486826269548545
581153923987206146
544332254068350978
544356997718900736
500354853680340993
500308705083400193
544383230091464704
553588946039746560
544343410849886209
500300813835988992
524959630158725120
553500238246608896
552799317602615297
500354471525109760
552797406094716929
524936793633083394
552786099899494400
544380433014591488
544381860214603776
525051210349289472
553573365798416385
544285194815942657
553518024272379905
553529196216344576
544408496918499329
544315187608973312
544317709396496384
524947964620701696
553538058440941568
524940077978640384
524927288077746176
576833924736892928
529669611030331392
500283291493494784
500293392060780546
576475228928385024
544281235271745537
499520839860367360
544509086998749186
524945879455653889
500375545918803970
544317165965303808
544388013141143552
524969201102901248
552788945017516032
500377145349521411
553589606307090432
524985687704338432
544381485591982083
553559793940447234
581264214809022464
553553724548059137
524926445496197120
525025806079504385
500324234821124096
524953110285152256
553486529231089664
544310853613281281
581296960830881792
500286293688193024
524935769614331904
524932935137628160
500335355904540674
524923293711998976
553586860334010368
524957752138149888
544271069146656768
544301900682629121
524974106308251648
499494187969298432
521310417696858112
500364290545958912
544387967037763584
544301624814870530
552837132491186179
544269749405097984
552829386773516290
553469733656203264
529735459069788161
525036240848945152
525023912221212672
544301296099270656
580348081100734464
544355417900716032
524943132409212928
552796091255894016
524976526891417600
553542442373619712
553551225560764416
544302448522035202
544362279006113792
524931913426157568
544514645571420160
544326597055369216
500397785246466048
553543369604210689
524952341561491459
553536236493615104
544269997745242112
500357713260724224
500312670260957185
544519635916169218
525026715123601408
544343367279456256
500327120770301952
553553288625672192
544511915158810624
553474188259102720
581252958446329857
544300674448887809
544514570367168512
552993818816299008
552801958428700672
553493707472011264
553588494661337089
524964929083023360
544307161589772290
544399927045283840
544282005941530624
544280399044960256
524947424482435073
544519166582337536
525026592788348929
500391222075076610
544377870554898432
552834961762709505
499655249398075392
580321844089212928
553521417598550016
524944881941495809
544425928290750464
552830684021424128
498430783699554305
544320179560525824
552790371848040449
525058633730891776
544290780991725568
524923462398513152
525001895631654912
524925730053181440
552807834434699264
524949887591653376
544273220128739329
552813461953323008
544297827258888192
544280077778055168
500383514567925760
544374563539140608
500277808883830784
525041091507388416
524940716733370374
581307361857392642
544346359948910592
500280249629036544
544492209861836800
525029954908860417
544286537299787777
580334678340558849
553186555150749696
524935485370929152
552821069036670976
544511130249744384
544354657385316352
580322346508124160
580697361799876608
500305514447003649
525026219100995584
500336040440516608
553576849943826432
581437061363675136
500290464621559808
580319651399385088
544284078330376192
500297358908071936
553536887349325825
524965165759221760
524987107081977856
525065430713790465
544300178443100160
553531695480463360
525020326816927744
544301786849640448
525045145079533568
521381662551474176
498480911243948034
544281689233850370
580320612155060224
536826643122503680
500294349872062464
544317438079139841
553586897168392192
524941041301225472
544517264054423552
580882701063979008
544384394337611776
552979279039197186
576319832800555008
524980504324358144
500277940253634561
544520932405284864
500359117132017665
524949339131904000
552801438821515264
552794157484634112
544273427075710976
553548567420628992
500277563072475136
500296158476906496
552810804186460161
553556643456507904
553588993993232384
500343812863311872
580882121222434816
544277516773380097
544284957766463488
524981689781870593
553104503520890880
525058825909731328
529644561770217473
544388329094270976
553476471470432256
500247666924986369
500309381930844160
525057374965739520
500388703114895360
544407139205132288
552807528070131712
544273256174198785
525067386849091584
553513403512532992
580322927679279105
553493785523400704
544273050188148736
544518335019229184
524967376719466496
553176929411825664
581303989406314496
581293286268129280
500347114975944705
525005886272843776
553531971457265664
524964948683005952
525044004287971329
544277860555710464
553461741917863936
553110339236409346
544318036715782144
553540617540624385
544274544174071809
529679889923076096
553541776854634496
544316576645017600
553589055116836864
524929497205055488
544504183341064192
544306719686656000
544510453201006592
544433739539812353
524946179390701568
553561170637238272
500286805720449025
498293668655423488
525042177643016192
544302827330224128
544508479675711489
500319801344929795
553495922639122432
544514538797035520
552790838015979520
500336373833170945
544305913260433408
580321948070240256
580348878370828288
524971492820647936
553473416905629696
553580959661309952
552808071387701248
524947196131966976
524959027516932096
544285245600989184
525062013551001600
544277852968210432
500281131057811456
500286058664579072
500359323588239360
499381843955707904
552810448324943872
525037656820826112
524974779540197376
544291619084959744
524976929703997441
581314363644121088
524926643325132800
552786016906383360
544277650714677249
553550301886955520
553484780093050880
544512691948498944
581404604677660673
553588053348843520
544268186292867072
544290752533393408
524929796862918656
544271815007145984
553578029751226369
500279160795721728
544390130682068993
544284859628523521
544445364322197504
544377700677615616
544309060883845120
524944569528750080
553546029212389376
553535430788780032
500388477763325952
525062993898635264
553144712920834048
544510345289924608
553587013409325058
524956383318650880
544430771688439808
580371847335821312
524946921547628545
525030696738652160
553585504093224962
552821287933202435
525023610243928064
544411313779126272
500296692713783298
544273459199893505
581315281630318593
553586781355278336
525019752507658240
553470382129565696
529696730607271936
544511811404705792
544373676842311681
525056576038518785
524937330923417600
524975142641086465
500298981558063107
500360978387976192
525060425184858112
525003468659228672
524945170777645059
524936872666353664
544374395540881408
580370275121938432
581450117972144128
500280838710247424
544329935943237632
500279519455219712
524949526487265280
524929893759737856
544300088747884544
544491160803106816
553547270264979456
500369391339724802
553549686129561600
544305463048015872
544364000897945600
544469470568148992
544411097797644288
544321934410788865
553474514496278528
544392718601183232
553475729187680258
544519245087121408
552812682626465792
525021358879936512
500292917957648384
576796432730071040
544462912644214785
525023642007371776
553115168084074497
525040545870385153
525052223030845440
525013278343581696
552822434639126528
498254340310966273
529739968470867968
552795773180858368
524949069945634816
500363740311982081
580319116302647297
529720273285566464
581295858898989056
524991844292521984
553590653784195072
552784882687299584
544385641975676929
544443739800731648
524936365427806208
500364250461003777
525038096086499328
580326222107951104
580320645906632704
553566026030272512
500287595403022336
500298752469770240
544294893146091520
500322486362202112
500358907383275520
500254607470518272
544355845489065984
500287479015292928
500321184269881345
524935345998422016
553469523945590784
553486796534054912
581409613913804800
500360596995731456
544297696308518912
552802128688078848
524952437137092608
552981833189969921
500287538578587648
581063906682114048
544349042952916993
552817965813739520
500325220193153024
524987432656453632
524952883343925249
500242061279637504
524955159840182272
552786361758265344
500283314230419456
525028522361114625
544446828654366720
544275138712469504
524976980799000578
499504676250066945
525024066152169473
553518472798683136
499366666300846081
500350777844457473
544319832486064128
552800045096259584
553141087725170688
580352273001410560
552793552376569857
524959809402331137
544290611856408576
524953017389707264
552985855854661633
553136565296582657
553529796601585664
499361662743220224
500378223977721856
553185370108878849
525029016001318913
553544694765215745
553535862911541248
544407157077467136
544318880001560576
552805488631758849
500356642329071616
544280765111218176
544282355989753857
500280477920796672
524984773211860994
553133704881917952
500371231183745025
553555979238129664
544286686142685184
544503037973528577
552799640488517632
524981513637888000
500288349924782080
524951625556066304
580320267777511425
544298346345947136
500294693356175360
544287252306997249
524942149973188608
500263680026869760
553587167394791424
553557308937363458
544374871812472832
524944399890124801
581063928953876480
544358533819420672
524983366261936130
524954833648771072
524950887119482882
544366824997912576
544271362022338560
553505242554175489
524979668282519552
544517440332627968
544373694068686848
500375839498723328
552817345887207425
544329204314406912
553160652567498752
553558982476828674
521346721226711040
500394061887709184
524982066564567040
524948206023880704
525017500061536258
524956294395224064
499368533378498560
553487971497041920
500298847550472194
524969963850051584
500299904817049600
553591259672379392
524940014065811456
544304298243653632
500266427840864256
553590721207615488
544508411178536960
553534707108155392
553197863971610624
552807027781947393
544323933634564098
544357487911395329
544377463581581314
581302544116379648
524937594090844160
553540739058376704
553475824369012736
500298588992593920
580883793709547521
500280422295937024
581546828954411008
499600140580044800
544353918315397121
525033778637721600
524922729485848576
500358977046474754
544520273718812672
500287815734013952
552829580579323904
529540733020405760
524983581983375360
576694748095782912
544515097625108480
580339547269144576
544379366474403840
544351133120987136
544320939245043712
500278169828470784
524962199543230464
553503184174710784
544288681021145090
525030963781595136
544299439087550464
524945197705461763
525032872647065600
525023858831523841
525027651908800512
581288928646340608
544317609718865920
552791182670327808
500290456845299714
525022700923019264
552788886355996672
552799062421164032
544373839548145664
500421926079066112
544333172180537344
498254929942028288
524925124303396864
500344846612447233
552805267990413312
553136604882014208
544514569339953154
500270780832174080
544274934835707905
553588178687655936
544358920869789696
498463591767756800
544277336422486016
552984916070531072
581411131547320321
524990180034609152
553233728030650368
581460720900050945
544314234541469696
525071638464049152
544409519380758528
499579905508917248
524951314556796929
553587303172833280
525028171549523971
525066876058361856
544513292576641025
552802606696136705
500310127896199168
544285508441231361
500369479482630145
580333904126742528
524937968138878976
544369667096477696
524969144832491520
544294794139533313
544307547390607361
581301262269829120
553587225901154304
553529101659566080
525039002307424256
544383022876065792
544518590104621058
544278335455776769
553588012752568321
544281589749137408
544326741674967042
500398504075071488
500359377585704961
524975093966209025
552789521646247936
544373593841623040
498305825341845504
580882417117958144
544492843499540480
580350426278719488
525040408653754368
544271743331078144
552786818853113857
544301453717041152
544268637134393344
553121732387946496
