552802714816905216
525045203648790528
552795778922864640
552835221859483649
553192373728342016
498274948772024321
553144889811402752
544446269968908289
544384825332101120
553214783647145984
524998881676107776
544439521236893696
552821862850637825
552791332935434242
552826992509599744
552827981069291520
553171877464920064
500070108099002368
553105208008773632
544392353717317632
552820930419109888
552850379453366272
553563750230683650
544515072203444224
553481963864993792
498292317296812032
524968466559033345
553157384714342400
553189840913989633
553553331671408641
499388619425980416
552849157694947328
500328049058279424
552827117663436801
552834842837409793
553587546614427649
553216460164968449
499387698390790144
500335927248429056
498530946338258944
553164185006534656
524983236712476672
500320286341099523
552980632432050177
552804962158514176
524939347699585025
524957105296404480
552840037642297345
499669671034257408
553503846258196480
552804769241526272
553215362058440704
553214700155330560
544449632131375104
553591980748734464
552834481183539201
525011747007377408
544519396828672000
544395613043818496
553145759961714688
552847905498103808
553106714682462209
544519083300241408
552811606640721921
544457904422531072
553197197618339841
553159810179661826
553165538499641344
524979179235069952
552832142397296641
552826443965927425
553532452472238080
553478014785187840
500347484154372097
553226059836297216
553538939076624384
544513510450155520
500306837103968257
552824320389435392
553583376398319617
524932635177795585
552815443959091200
552804810463117312
553186026811039745
499699803576881152
553234456522522624
500339591392817152
553487579077550082
499541439962185729
500192488003354624
552825303341740032
500331134040162304
544337383215226880
553230256992423936
544414430025371649
552825211654246401
553560488056225792
553106334607228928
552819649599897601
524980483479076864
525006853626159105
524960814944747520
499583424114728961
499406086945136640
525007337724325889
544420349052342272
544308031446872065
553579715014172673
544297247567917056
544391323214573568
499567797064957952
552819316702199811
544500883963518976
499703369108553730
544379143136497664
500317687239966722
553187282295877632
544517721757847552
552832291601674240
553555948883959809
552850282410176512
524939142485262337
553166907596365824
500377192841609217
552816590463315968
499655603405725696
499660771857809409
553228535511650305
500318980007948288
552834559297867778
553147368913506304
553569333150896129
544475686740967424
544447054034919424
552837190360006657
552824163841638400
544521948924248066
499375535458643968
525066628359127041
524923148576518144
544462911729455104
544329896529760256
544509652390924290
552813155572006912
498433651835940865
553553966970044416
500177556768034816
552833148128862208
553571541578174465
525012561214058496
524995620088864768
544338622422335489
500264535471980544
553529789794250753
552834640692912128
500368901365317633
552807054268956673
553213361350262784
552811319079227393
553590427216248832
499610913112989696
553496489641902080
500277481119956992
552847427410341890
552800222553079809
544506678922977280
553194632520421376
500270055540916224
525038296921960449
580371776619839488
553581897792913408
499637476315910146
553519997956669440
553586940856242178
544444661859749890
553234578086055937
524949435886096385
544505129810944001
552817918220984320
552789252690706432
553151506556653568
552821730100924417
552798640679702528
544389986809036800
553142344166301696
553173654121742336
552815575672836096
544388259359387648
553223681409703937
553106200242700289
553204986474422273
553584366803488770
552818334643658752
553185825065009153
553102562665050112
580340024736116736
553160244847984640
544312118497914880
525012247249428482
553540580912156672
544328351939186689
552846874432909312
553169622762262529
544520949748752384
552810287695659009
544416818711252992
544468178961592321
552823940440403968
525021103559696384
553534934447824896
552822718115373057
552849797892542464
544465040666288129
544410806167678976
552821570423771136
499700838127120386
553547659404148736
552806932176977920
553214219899117568
499665704300191745
552985339011153920
553115341338198016
553135255583219712
553508524320653312
553200769671761920
500385585807499266
524999079127162880
500234390723915776
552837012689264640
552850925510225920
500296988077076480
553520399300833280
498530293116968960
553552772277481472
499662393627410432
552816010752167936
552825083941879808
500380881563811840
544293177596067840
553140613051215873
498256407980826625
552820575752974336
524979756371288064
553177321218514944
525041601890881536
544459886365376515
524979070288019456
524928960615186432
553490241445965824
552833681111658496
580365989780520960
500365170796158976
553476288103477249
524979881525137409
553164303650799616
553163344577064960
524944610985263104
499704416937975809
498323364197699584
552811533303296001
499530401136668672
553473629854646272
500283013541163008
544518088117329920
553117857609809920
544444539092488192
499455799723184130
524957872296583168
498507730395484160
580326370640818176
499387993879511041
544293069957259264
525020733622464512
553223882128490496
553572111441465344
552838479844216833
498531639472189441
544386515171020801
580343473607438336
553151980928262144
553161458931236864
552844311096983552
524929550493712384
524955102554361856
580365806720122880
553220172925132800
544458558432350208
500328583194509315
524974786460778497
553219047048105985
525055967076290560
581325197661376512
553220054184382465
499554114024771584
544347292493705216
499706059691663360
553536358950916096
500402449501286400
553592108699758592
553555293645590528
544519849507307520
544442676410867712
553535227214438400
544519486167330817
499607500187250689
544497307933474816
553584292090359808
553543144172969984
544394858405060608
553506946054369280
553512076304728064
544308490840195072
552827164677373952
544515215576948736
552835339325558785
553517380995792896
552806056154644480
544402515085623296
544484515742482432
544382795099799553
500429525558505473
552800223496790018
552823933381394432
544446667312091136
544470708093747202
498512590260023296
500320316602974210
544427753785659393
544393889113600000
525005134624215041
500382073593405442
499697037156171776
500347379938492416
544419497667751937
552822783311630336
524998460848611328
552822043490938881
499682060793937921
553145603665186816
499411738467794945
552827133500719104
553124985137815552
499652628825899009
499649754822103040
544477097016578048
553220369721483266
553590750701551616
580364493928181760
544341369762742272
552985297307598848
544508543152304128
544325938826076161
544465934149513216
553107939926736896
500386978467414016
500322242296041473
552832169496694786
552808658510561280
553209917944131585
553113509152952321
553126044375732224
553591679341842432
498476761538371584
553196035133440000
500335761615355906
544328673097039873
576504635738951680
553489837542899712
552816933851394048
498575704582148096
544308793623207936
552817785949396992
544438499642847232
500271532279877632
525045709402148864
552805069956329472
552981296839131136
500402908740210688
498527404386578432
552835209285337089
553215523602046976
544389911630340096
544377326122057728
544312732443348995
552981694979248128
524936881348558849
500426667446513666
552823108537954306
552827553493565441
524995812854489089
524950679274942464
580333827425439745
553551279620755458
553566644006817792
553591049541914624
525044725926330368
553215634864345088
553573875528007680
544476533302505472
500375737439096833
581262528107384832
499674159916789760
553198107278987264
499402444267212800
544420375224791040
580339310299340800
500303864495882240
580335420703170561
544349773676179456
500427783848615936
498510381774819330
544310691600302080
553588326578417664
544416436374892544
552832738542514176
499620682502635520
552830151650967552
552982908865368064
524957773810135040
553101858013581313
553175714128990208
544487291465392128
544363391641341952
552829395690201088
553178341596233728
499366930457710592
553099479381848064
524973444946202624
544520434767503361
544495066258362368
553517053110657024
498296205777326080
498303769915191297
552816497740251136
544317139323473920
500317579060449280
552823014866563072
524927809773649922
553116149333114880
553590881371320323
553161476928978944
553586275438301184
552843285468020736
553155988917075968
544440724192628736
499612195756728320
553542282100871168
552805970536333314
552789443644751872
553118212813246464
552830433688571904
500231335668383744
553173371043995648
544494721872433152
552985389523148802
553539373707186176
552810855503757313
524943804051496961
524953508978909185
544415105358643200
552822566726164481
498355319979143168
524953569762766848
544516739178827776
552820331204055041
553174789561389056
498499836900278272
552793409438904321
544314301067304960
553229956830875650
544276027644850176
524977830124617728
544284483453595648
552830521340723200
498463733447163905
499702384424022016
552836854085459968
544499892010635264
500399181627162624
552791719272775680
544504954334224384
544417680284192768
553558824720666628
524964630221705216
553215305917665280
499684402616864768
524968564306882560
552837268160135169
524966572277129216
552788007603142656
500353295903637504
544438653410639872
544338676835041280
553209912550240256
500350460122136576
553231667523883009
544337816298070017
580326744357515264
580346858846822400
553498106588049408
544298354029506560
552847370489430017
499701408904798208
544516478821613569
499575076468305923
553514329166061568
499698964925796352
552807874192482305
544432190281359360
500364705622671360
544486142763347969
544440498594017280
553137601457426433
553562832001048576
500286460210462720
544427543336464384
499514668814467072
553226479904231424
499655869412286464
500277472068263937
553537322218553344
524928223499784192
544305018439204864
544391412075069440
552838203078873089
500236774103605248
499511714438971392
499689919929798657
552837907174948864
553589970775343104
553218281705066496
544514988078280704
544421653128556544
498316475317239809
552842580929826816
499589336816308227
544503881527742464
553180005514366976
552815682241691648
580351758213447680
552831524002103297
498313143530303488
524964457936863232
552815387759616000
544477834396577793
553128245420257280
552812984343330816
553200726403710976
552839869387399168
552842642216988672
553227238829981698
553560769246539776
552845393541988352
525022821534429185
552824462958395392
499706791396392960
499643185581142016
544464731449196544
552817205982019584
580334729678966784
499595283504701440
553147034707165185
552804328319504384
544279950929321984
544518128798294016
553525347266740226
552982560146726912
553497730476015617
544336572141694976
544307589245587457
525012689568161792
544518036255150080
544487672145018880
552831515940634624
552842236883652609
499647059688173569
499432557906104320
553542784800792577
524955251464736768
544346261365600257
524994965366382593
544515174376701952
544500288183607296
552840606074953728
553195808930410496
552819350504493057
553516364879904768
553226143307161600
525046232209956865
500293830827331584
553530513580118016
552829571750715392
499706211093471232
544308749725626368
553163722378977282
552978225010184193
499702134279913472
553540719714271233
552807101442322432
544520121436213248
552836898562265088
553205492458475520
525019265888702464
553191800408911872
553131554743287808
499673760484433921
498494758814109696
553229948153262081
544298334354411521
499377813758443520
553205115830951936
499703128540061699
553177833686589440
524947129354420225
553215383256432640
553216451780554752
524923403183333376
498489114384420865
500363141034020865
499439795618480128
499576743967993856
524945814796644352
552834182905221121
553140461540343808
524929559909916672
498274692873351170
544515671347200001
544423787949600768
544369653015801856
552824742097719296
544307871853592576
552833795142209536
544502782267752449
544333236243947520
552842761565904896
553491604917334016
524934142958788608
552821977061556225
553585840270876672
552818870281850881
553151201253294080
544350803125735424
500316380063748096
499695028407922689
552801894092275712
552841006799159296
552821050145513472
580370309884182529
499394946416529409
499621957747224576
544475905926524928
499438977774931968
553218001181605889
552805799106732032
553131566172737536
552837027616804864
552834229722038273
553196263064498176
552805638024077312
553542516772175873
544389639046721537
581260171688718336
544310166242734080
524978855531253760
552814460193476609
544305859904286720
553148844574511104
544375969687953410
500162426998755330
552834558706847745
544284599996526592
544499449645768706
553487625815064576
544306616137293824
544403564077260800
552797148975464448
544421207115051008
498508707244683264
552822604206460928
525041399344168961
498291267756130305
544401374675341312
553113938091462656
553221293298819074
498276304635322368
552849865680494595
544324741239037952
544518337498058753
553157600704204800
552829481962835969
553556728651210753
553540131756732416
544313592477384704
525044166519451648
552818799095730176
524976835881205760
544404937380093952
553163210715844608
499590929611640832
500402804910206976
552842342143905794
544282250503012352
553592040374947840
499406854615597056
553184451774402560
553538559609942017
500382853147164672
544521433473634304
552836844560609281
553196453938855937
553578243173781505
552816288612225024
498529979672842241
499662307560263680
552811354323963904
544461661055098881
544296465619619840
553144964168036352
499366977497214976
498302874531553280
552804301316579330
553479280014151681
553576648973377537
524958238316298240
500296369224310784
499699989237747712
544309113694740480
544336736948473856
553480900869361664
525018717038854144
500316260081889282
553541838494515200
580353697865187328
553545000110538753
580322332348190720
498281886603411456
499689438092726273
544474960602083328
544519298015039489
552830850279424001
544455370476109824
553194417239363584
500352655827279874
500295570393542657
552807904597008385
553163190138580992
553181899662049281
553546967281061888
544319667364708352
524959778125385728
552790695036321793
500332097064550400
499441454498852864
553151749008424960
498357910603575296
524958498770395137
524939821815721984
553542245966958592
552819155859431424
553227258782306304
500189389855916032
525052976562712576
499440386767859712
553566829273423872
499704241741520897
498480344992350209
544505447911149569
553133340795363328
524986210402705408
499349294034743297
553480333954678784
499705246642622465
552815122897727488
552844100224172034
544463778780557312
553195806899970048
498556324868009984
553111820786204672
498492636630896640
553578250186665984
544393766287970304
552812475134275584
499667482354143232
544368246271406080
525059810312847360
524982907052765184
581246782765719552
499657337548701696
552837775498964992
553166766977740801
544446973667860480
500328451929559041
552794514424102913
544443259804598272
500369693203378176
500399997113098240
552818300041052160
553201549997277185
552848653132767232
553586510260629505
499700824432717824
553206989925658624
553135106609922049
500275854434639872
552851629624803328
553189526177579008
552786340958715904
553188974811185152
499409692834021376
544286833362747392
581259253429702656
552984231748829184
525040252948189186
576406521833086976
500391462073532416
500289088285863936
552851421155299328
544478625383608320
552802098602319873
552846886626164736
553227389061582848
553590463354380288
498401948585181184
499695460358311936
500072334578159616
544396608704901120
499699779426066432
553224215676354560
552841287670308865
524988783213547520
553210306877739008
544396078125039617
544470398881259520
500360558806568960
544494312206000128
552838559393013760
544434450918932480
524968185016360960
552808135006887937
498504673339666432
553470907629707266
553188214522249217
553486601146617856
500297243371798528
544310222547087361
553535642848989184
544470979842281472
500315237375954944
553570916907511809
544465862942797825
552979420227842048
500197999205965824
544455530756841474
553214726629781505
552850514132873217
553189490521812992
553563780928770048
524925600318754816
552847230693310466
552845671477153793
553114307383541761
544389770009276416
498284334806495233
500236187395571713
580342917291708416
499517463457849345
552825664307744769
524963878904823808
552824456557887488
552829129356496896
553171056589279233
499657337985323009
544407393451646976
524922078638903296
553099800951136256
553502749498036224
500176071476936704
552796619104866304
544309497041133568
544334623023452160
500302383747194880
553567850301231106
552838324977545216
544506443626741762
499448210789007360
544458083129229312
553544566042009600
499648712596271107
500318003024494596
499698828845780993
553209983845023745
552812140479148032
544296373466562560
500400102125879296
552846811359350788
552837644959621120
544345939054710785
500358258654470146
552831266945794048
553576010898497536
552791578893619200
581132461960249344
581107798932631552
544428421745741824
500285919539511296
544272155144646656
544373515067998208
552809418417790976
553491540535156736
552790742700417024
544305540286148609
581359544682614784
544496262629036032
544284455909998592
500235112785924096
553563668169125889
500359223557890048
524947867975561216
552996335319007233
500278045597368320
524949828711620608
544353502689251329
524957517294886912
544278985249550337
544324444773433348
500289307257868288
500237448798949376
524988712367955970
544516079129993216
500280658665537537
500379055594946561
553136845589319680
500288971197263873
529654321873715200
500422971320963072
525032520124207104
524969501704855552
500358526804316160
553505371290357761
553545906155712512
544289409294553088
525002243100401664
524930538009006081
544511151900753921
500319675797209088
524967620588896256
553503546382249984
525030117014507523
544283772569788416
552828474814398464
580325090367315968
524974318087061504
500360244187635712
500292202845982720
544350985142173697
544334939374641152
552792544132997121
500280809652514816
544339368823894019
544287922166726657
525040097272819712
544279945128591360
499648409767538688
500378338582884352
544267656597995521
500339512082698240
524937204552843268
500332042648055808
544385086955589632
544334554631536640
553099685888790528
524962072262881280
544518841020473345
544387886611570688
500360094924931073
580368417556992000
553501773517033472
544509140911919104
552985611070881792
544309275141885952
553554835203956736
552784168849907712
544376732649013248
544276998017646593
525071376084791297
553531343834202112
524946609453678593
544328894812549121
580342519516512256
552984347754897409
500427786159681536
500309222635360256
552982443511144448
500290867681587200
553544252563935234
500358655834062848
544493466836017154
524933380929245184
544391176137089024
544279103864860674
544288773023203328
580326807704088576
524991067675189250
498317138554150912
544278913883447298
500279189405433858
544401599414943744
552805596198871040
544350480780914688
544359422726664192
500308574703452160
525048987649576960
544302821450207233
553152395371630592
544290646010261504
580882674413375488
544280923923959808
525039242771464193
500284699760427009
553572754746638337
544287203728556032
552808282398924800
524974885362479104
525049831312875521
553476880339599360
500290977798836225
524924225463668738
544288135564107776
544512514651066368
553589121776898048
553478677359775744
524955620538343426
544374422056882176
553535467065712640
500354773133299713
544338575240609792
544400775775289344
524965723672961024
552848620375261184
552833028201144320
524928878075457536
525009850104037376
524968205690089472
552832817089236992
576831447299796994
553588374280601600
500375440285237248
500295333486657536
499530130487017472
524983050187579393
581394092648710144
553475430897156096
553541988490825728
544512398628241408
552791196247269378
544288661253398528
524925215235911680
500351760402493440
553590529548886016
524980219749597185
521595221155774464
521359454672269313
500286059918274561
525035564014526464
544351885298130945
524935791794221057
524947674164760577
500298091627823104
544401675789033473
580320745974288384
552793679082311680
580349424058175489
544315864397258752
544286172109758464
553017543330648064
553536603998945280
552806757672964097
500377906305327104
544300945820352512
544282877278814208
544321103875694593
553129559173115904
544338731210399744
544512108885725184
524982699220803586
524934941914968064
580325799078793216
500366333461422080
500277526590423041
500378522788315137
524970097711267841
553575232867672064
552806309540528128
580320964875014145
524981557770350592
544340091615715329
581063753837481984
524936966492942336
553544419602104320
544359578612559872
576812336952000512
500360248767840256
500287224957898752
500328758201815041
544294402366394369
544277526248304640
524966582544781313
544510450101415936
544270745744846848
544454229960974336
544391085150457856
500359075045990401
500301418406744064
553508098825261056
524923341359300608
544521141335764992
529728291545284608
500309193526882306
500287491182579712
524964564018790400
525024181218725888
544294692456628224
544292129972170752
544511676088066048
552978476605923328
580365368805486592
581287562947395584
521375609206083584
524953840127574016
553502446769942528
544377502563459072
525027539845410816
524975705206304769
544291829290508289
500364921607974913
544307040932601857
544273888725577729
500292806175236096
553137849663361024
544492053900836864
524976963862429697
500273257262886912
500382265076379649
552811386259386370
500359508531884033
500294803402137600
524953604717686784
544269221564137472
499525020708634625
524951711941922818
544511434840113152
553528788383191040
500284699546517505
581287795991302144
525067500447612929
544284577318318080
529646030472904704
525034687245582337
580320890086383616
524972443308683264
544333764814323713
544307776135364608
544385829180035072
544350712365207552
553484365012148225
524943721302089728
553184482241814530
544476808566276097
529723684454666240
544285296565948416
500358195408551936
552991544731774976
544508900595499009
524952995034042368
498486826269548545
581153923987206146
544332254068350978
544356997718900736
500354853680340993
500308705083400193
544383230091464704
553588946039746560
544343410849886209
500300813835988992
524959630158725120
553500238246608896
552799317602615297
500354471525109760
552797406094716929
524936793633083394
552786099899494400
544380433014591488
544381860214603776
525051210349289472
553573365798416385
544285194815942657
553518024272379905
553529196216344576
544408496918499329
544315187608973312
544317709396496384
524947964620701696
553538058440941568
524940077978640384
524927288077746176
576833924736892928
529669611030331392
500283291493494784
500293392060780546
576475228928385024
544281235271745537
499520839860367360
544509086998749186
524945879455653889
500375545918803970
544317165965303808
544388013141143552
524969201102901248
552788945017516032
500377145349521411
553589606307090432
524985687704338432
544381485591982083
553559793940447234
581264214809022464
553553724548059137
524926445496197120
525025806079504385
500324234821124096
524953110285152256
553486529231089664
544310853613281281
581296960830881792
500286293688193024
524935769614331904
524932935137628160
500335355904540674
524923293711998976
553586860334010368
524957752138149888
544271069146656768
544301900682629121
524974106308251648
499494187969298432
521310417696858112
500364290545958912
544387967037763584
544301624814870530
552837132491186179
544269749405097984
552829386773516290
553469733656203264
529735459069788161
525036240848945152
525023912221212672
544301296099270656
580348081100734464
544355417900716032
524943132409212928
552796091255894016
524976526891417600
553542442373619712
553551225560764416
544302448522035202
544362279006113792
524931913426157568
544514645571420160
544326597055369216
500397785246466048
553543369604210689
524952341561491459
553536236493615104
544269997745242112
500357713260724224
500312670260957185
544519635916169218
525026715123601408
544343367279456256
500327120770301952
553553288625672192
544511915158810624
553474188259102720
581252958446329857
544300674448887809
544514570367168512
552993818816299008
552801958428700672
553493707472011264
553588494661337089
524964929083023360
544307161589772290
544399927045283840
544282005941530624
544280399044960256
524947424482435073
544519166582337536
525026592788348929
500391222075076610
544377870554898432
552834961762709505
499655249398075392
580321844089212928
553521417598550016
524944881941495809
544425928290750464
552830684021424128
498430783699554305
544320179560525824
552790371848040449
525058633730891776
544290780991725568
524923462398513152
525001895631654912
524925730053181440
552807834434699264
524949887591653376
544273220128739329
552813461953323008
544297827258888192
544280077778055168
500383514567925760
544374563539140608
500277808883830784
525041091507388416
524940716733370374
581307361857392642
544346359948910592
500280249629036544
544492209861836800
525029954908860417
544286537299787777
580334678340558849
553186555150749696
524935485370929152
552821069036670976
544511130249744384
544354657385316352
580322346508124160
580697361799876608
500305514447003649
525026219100995584
500336040440516608
553576849943826432
581437061363675136
500290464621559808
580319651399385088
544284078330376192
553198972287082497
524933657493250048
544333020023754752
500389488217309184
544274879055675392
500359125310922753
500360095738626049
521350916872876033
581287108607811584
544395712130449408
544374018661687296
544342204576038912
544410576894427136
500303431928922113
524926279309860864
580326398620934144
553579224402235393
544301455952588801
553503909692841984
544282227035869184
553184643055644674
580326012749221890
544383383095508992
553541676229472256
500361847070269441
552820736490889216
524941720249978880
524954630279925760
500251242124173312
581301336085553152
580327336505176064
498345343629541376
544521166543548416
581063145256538112
553542565593878528
529723420993683457
552792988376915969
544517264725516288
525036214286815232
544289880805605376
552816302780579840
524965406377664512
581290271997968384
499456140044824576
553574501964079104
553587672137334785
524961721744900097
529771847186124800
552798654495354880
581550667753504768
500388199064420352
544279776765431809
544272537341812736
500308076004929537
499404849835175938
581479017770979329
544483282352889857
552845136414380032
544315472075042818
544382249178001408
500316005089181697
544490782183657474
581386094337474560
544336537870434304
552784526955806720
552834461478715392
524958128392376320
500281856559161344
524935085863481344
544366894107480064
544283387087691776
544389893120856064
524941504796962816
553552293371871233
544511865729323009
544515538383564801
553102901619748864
544308531684335617
552983615747796994
553495137314435072
544307028815253504
553558385048944640
544512910538838016
552838551071911936
524930671220105216
500363831957135360
544305673287524353
544366036498542592
521367917322338304
500360018928353280
500291116403789824
581063730319925248
525044262648676353
544367462012432384
552797638807281664
544341194822520832
529654845838741504
553556844665659392
553501357156876290
524951585231994880
553118198741356544
500296080710705152
500303238810574849
576321916593659904
552793551231541249
525046462460477440
552831881847533568
500417151346696192
553590459688570880
500284494201757696
552792271243210754
544409517224898560
499706705354448897
552803839490150400
529818929607475201
580364138020507649
553574345235103746
525027317551079424
544356122082410496
553485452943302656
544316814856306688
524950404283772930
524932792925569024
544489340584222720
500413818368184321
552790824971677696
544379738240720896
544289448150986752
524925050739490816
500371149713178625
524940030109036544
524957429889777665
524969483317026816
544282449388519424
500361302238564352
544334477011349505
544514883484520448
524956129017995264
552806937470201856
544272134764122112
525033278555033601
524962748237889536
553555600911925249
553506608203169792
529399936434327552
544277117039837184
500347920210989057
524987851046658048
544291965513134080
553141732452626432
544514474963922944
500307001629745152
525036393983381504
544380742076088320
553536269972942849
544367253857525761
500408607561629698
524954586696933377
525033625788907520
580340476949086208
553480082996879360
544274757689307136
525070933556350977
524960247518330881
544287165912735744
525031558949134336
544407300329709568
525072912957452289
580319999887347712
525024518713397249
525046443103354880
544277817987330049
544384041391517697
524943012602716160
553554585634496512
544492454016475137
553546063752478722
553531413459660800
552801829290270720
553590835850514433
544277113683980288
553557753558757376
500378522398244865
544379489263042561
524977651476623360
544378515378814977
544277728930062336
553139203320860672
544274364288364544
580331561398108160
580319078155468800
500308708988301312
544372177965834240
553502180666531840
500286984162525184
544319274072817664
525059348574130176
500309745350508545
499368931367608320
525057025785356288
544462330105712640
521369179392581632
544285712653500419
580333763512705025
544313043463987201
529763844176896000
544313370892324864
553535441828605953
521361857810939905
544360928603799552
499612545909415938
544390903839088640
525023025792835585
544492984880754688
544304742743044096
544384662765068288
524943886553468929
553164985460068352
553547836517007360
498294367405477888
544297950134816768
544519694401941504
524927281048080385
524970966842376192
553566026030272512
500287595403022336
500298752469770240
544294893146091520
500322486362202112
500358907383275520
500254607470518272
544355845489065984
500287479015292928
500321184269881345
524935345998422016
553469523945590784
553486796534054912
581409613913804800
500360596995731456
544297696308518912
552802128688078848
524952437137092608
552981833189969921
500287538578587648
581063906682114048
544349042952916993
552817965813739520
500325220193153024
524987432656453632
524952883343925249
500242061279637504
524955159840182272
552786361758265344
500283314230419456
525028522361114625
544446828654366720
544275138712469504
524976980799000578
499504676250066945
525024066152169473
553518472798683136
499366666300846081
500350777844457473
544319832486064128
552800045096259584
553141087725170688
580352273001410560
552793552376569857
524959809402331137
544290611856408576
524953017389707264
552985855854661633
553136565296582657
553529796601585664
499361662743220224
500378223977721856
553185370108878849
525029016001318913
553544694765215745
553535862911541248
544407157077467136
544318880001560576
552805488631758849
500356642329071616
544280765111218176
544282355989753857
500280477920796672
524984773211860994
553133704881917952
500371231183745025
553555979238129664
544286686142685184
544503037973528577
552799640488517632
524981513637888000
500288349924782080
524951625556066304
580320267777511425
544298346345947136
500294693356175360
544287252306997249
524942149973188608
500263680026869760
553587167394791424
553557308937363458
544374871812472832
524944399890124801
581063928953876480
544358533819420672
524983366261936130
524954833648771072
524950887119482882
544366824997912576
544271362022338560
553505242554175489
524979668282519552
544517440332627968
544373694068686848
500375839498723328
552817345887207425
544329204314406912
553160652567498752
553558982476828674
521346721226711040
500394061887709184
524982066564567040
524948206023880704
525017500061536258
524956294395224064
499368533378498560
553487971497041920
500298847550472194
524969963850051584
500299904817049600
553591259672379392
524940014065811456
544304298243653632
500266427840864256
553590721207615488
544508411178536960
553534707108155392
553197863971610624
552807027781947393
544323933634564098
544357487911395329
544377463581581314
581302544116379648
524937594090844160
553540739058376704
553475824369012736
500298588992593920
580883793709547521
500280422295937024
581546828954411008
499600140580044800
544353918315397121
525033778637721600
524922729485848576
500358977046474754
544520273718812672
500287815734013952
552829580579323904
529540733020405760
524983581983375360
576694748095782912
544515097625108480
580339547269144576
544379366474403840
544351133120987136
544320939245043712
500278169828470784
524962199543230464
553503184174710784
544288681021145090
525030963781595136
544299439087550464
524945197705461763
525032872647065600
525023858831523841
525027651908800512
581288928646340608
544317609718865920
552791182670327808
500290456845299714
525022700923019264
552788886355996672
552799062421164032
544373839548145664
500421926079066112
544333172180537344
498254929942028288
524925124303396864
500344846612447233
552805267990413312
553136604882014208
544514569339953154
500270780832174080
544274934835707905
553588178687655936
544358920869789696
498463591767756800
544277336422486016
552984916070531072
581411131547320321
524990180034609152
553233728030650368
581460720900050945
544314234541469696
525071638464049152
544409519380758528
499579905508917248
524951314556796929
553587303172833280
525028171549523971
525066876058361856
544513292576641025
552802606696136705
500310127896199168
544285508441231361
500369479482630145
580333904126742528
524937968138878976
544369667096477696
524969144832491520
544294794139533313
544307547390607361
581301262269829120
553587225901154304
553529101659566080
525039002307424256
544383022876065792
544518590104621058
544278335455776769
553588012752568321
544281589749137408
544326741674967042
500398504075071488
500359377585704961
524975093966209025
552789521646247936
544373593841623040
498305825341845504
580882417117958144
544492843499540480
580350426278719488
525040408653754368
544271743331078144
552786818853113857
544301453717041152
544268637134393344
553121732387946496
